Most common page simhash values.

zetaweb=# select count(*), simhash_value from site_info group by simhash_value order by count(*) desc limit 500;
  count  |                                                          simhash_value                                                           
---------+----------------------------------------------------------------------------------------------------------------------------------
 5487575 | 00000000000000000000000000000000000000000000000000000000000000000000000000000000000000000000000000000000000000000000000000000000
 1388667 | 
  196047 | 00111000110011100000111010011101011010111000101010010010100101110000001000110000000010001101100000001010001111100000111111111100
  100108 | 00111010100001001000100000101110011101010010001101100110111111011001111101011000101001010001100011111100011100101101110000010101
   70661 | 01101001111100001010100011010110011001011100110110111101110110110011010111011100010000011001010000010100000110101000010100100110
   63862 | 11010100000111011000110011011001100011110000000010110010000001001110100110000000000010011001100011101100111110000100001001111110
   52726 | 11110010111111000011001000101110111110100010000000011111101111000001000010101101001011010111000010100000110101010111000001000010
   41052 | 01101111100101011000010000100101011111111000110100011100010100010100101110010000100001101101101111111000111011100100100011111001
   33862 | 00010011001010100000101001101001010000010100110010000011110111010010011100001111000001010101111110010011001110101101111100100101
   33445 | 00011100011100110000101111001101111001011010111110111001000110001011101010011100110001000111110100011101110111011100110110101110
   20432 | 00101010110101000010111000000000100000111000010101111111101100011001110010000101001010010010110010100101001111100001001111111000
   19797 | 11111011100010110101011011110011101000110011000100011111111001110000101100010010010010101111110011111111011100111011111000111011
   19128 | 10000000110111110101011100000111001010001011001010010110100100011001100111010101010011001000100100110010000001110001000011010011
   17714 | 00101011100010100101010111011110110100100000110000000000111000011000000100000101000011001100011101001000000011110100011010010000
   17438 | 10010011111100001111110000100000000101110000001101000100101110000010101101000101000100001110100011110011101111000010101001111010
   17374 | 00111000101011010011001110110110100110010000100111101101100011011010001001100101111011010000101011111100111101010011101010010100
   17086 | 00100010110101000010111000000000100000111000001101111111101100011001110010000101001010010110110010100100001111100101001111111000
   16831 | 00101010110101000010111000000000100000111000000101111111101100011001110010000101001010010010110010100101001111100001001111111000
   16714 | 11011011000001001001000001010111110011110011111101111110001011110010100001001111111011001001101101011100001101110101000010111111
   16629 | 00100010110101000010111000010000100000111000011101110111101100011001110010000101001010010010110010100100000111100101001111111000
   16562 | 00100010110101000010111000000000100000111000000101111111101100011001110010000101001010010010110110100101001111100101001111111000
   16547 | 00100010110101000010111000010000100000111000000101111111101100011001110010000101001010010110110010100101000111100101001111111000
   16340 | 01010001110000100101010000001100101100110010101101010010110000111010101001001100000000110001000000001000011100010100110100110101
   15919 | 00100010110101000010111000000000100000111000001101110111101100011001111010000101001010010110110010100101000111100101001111111000
   15902 | 00100010110101000010111000000000100000111000010101110111101100011001110000000101001010010110110010100101001111100001001111111000
   15900 | 01101001111000100010110101000111110101101111010101010011011010011001000011100000010010101000011001010110010010100011001000000001
   15557 | 00100010110101000010111000000000100000111000010101111111101100011001111010000101001010010010110010100101000111100101001111111000
   15252 | 01000001111000110001100001011110111100010000101101010010100001111010111001111001101001001001010000011110010100110100110100111110
   15238 | 00100010110101000010111000000000100000111000000101110111101100011001110010000101001010010110110010100101000111100101001111111000
   15120 | 00100010110101000010111000010000100000111000000101110111101100011001111010000101001010010010110010100101001111100101001111111000
   15098 | 00100010110101000010111000000000100000111000010101110111101100011001110010000101001010010010110110100101000111100001001111111000
   14988 | 00101010110101000010111000000000100000111000000101110111101100011001110000000101001010010010110010100101100111100101001111111000
   14897 | 01110000100010011000010001111110001101100100001011110111100011010001001000010000011011011110000110101111011111101100010001001001
   14885 | 00100010110101000010111000010000100000111000000101110111101100011001110010000101001010010110110010100101001111100101001111111000
   14471 | 00100010110101000010111000000000100000111000001101111111101100011001110010000101001010010010110010100101000111100101001111111000
   14175 | 01000000000100100010100000010010101101001100001100111001100000100011000100011000010000001000010000110000100110000000000010000010
   14061 | 01010111111000111000011010110001000000100111110111111110000110001100001101010100010011101011100010001011110101110100111000101110
   13917 | 00100010110101000010111000010000100000111000011101110111101100011001110010000101001010010110110010100101000111100101001111111000
   13895 | 00100010110101000010111000010000100000111000001101111111101100011001111010000101001010010010110010100101000111100101001111111000
   13861 | 00100010110101000010101000000000100000111000000101110111101100011001110010000101001010010010110010100100001111100101001011111000
   13827 | 00100010110101000010111000000000100000111000010101110111101100011001110000000101001010010010110010100101000111100101001011111000
   13776 | 10010010100100101001001001100010011010110111010001000110000010100011111001000010110001110000101000100100010001101000011011010000
   13646 | 00100010110101000010111000000000100000111000000101110111101100011001110010000101001010010010110010100100000111100101001111111000
   13483 | 10001000110001110011111001101110000000110001000011010000011110110000101101000011111011110101100010111010001111100001111001110000
   13454 | 00100010110101000010101000000000100000111000000101110111101100011001110010000101001010010010110010100101001111100101001011111000
   13254 | 00100010110101000010111000000000100000111000010101110111101100011001110010000101001010010010110010100100001111100101001011111000
   13163 | 01011011101000101011101011111000110001010100111010000010110110001001001000000001100000001111101001101001011101010000001100101010
   13008 | 00100010110101000010101000000000100000111000010101110111101100011001110010000101001010010010110010100101001111100101001111011000
   12762 | 10011010100011100101010111100110101001100011100100001011011111111010101100010100011000101011111110011001010111110001011000011111
   12637 | 01010011110000110000011011101110000000111011110000101110011110001100101001010101010011101111110110011000011011010001011001110100
   11902 | 11011100101101011000001000000000001001110001010001010100001000011110000100100010011000100011010100011111010011111111110000100100
   10842 | 01010111111000111000011010110001000000110110110111111110000110001101001101010100010011101011100010001011110101110110111001101110
   10641 | 00111001110000111001011001110010111110110010110101010011100001011100001000000110101000110000000011000010001111000000110010110001
   10118 | 10100000101111011000000000100110001110110011000100100100100110110000111101000001000001011001101110110111010111101001001001010001
   10025 | 00101111110001000011110101010110001010111111011001101110111011101000000001011000110101011101000010000111010101011001111010111101
    8900 | 00001111110010000001110011011000010001010001001010110110001101011010010000010101010110000000000000110011101110100001111100100011
    8836 | 01010010000010111001110100101011111100010010001011110111110010011000101110110110010010001111110010111111100101111000010001111100
    8515 | 11101101110010101111010001110000000011111010111100111001101001010000111000001111100101010001101101000000011001100000111010001111
    8515 | 11011110001010110110010010100101100010000000101011101100010110100000000000011001001001011000000001011010010110110001101010110101
    8319 | 00110111011100111000101010101100011001100010111110111101000110000000111000011010100001100011010010101110100111001100010101101000
    7938 | 00010010010100101000010111110110101101101101000010000101110110110000011010000011111010010110001110111111011111101000110101101010
    7589 | 11010001000011110001110111010010001001100000010100001000011011011001100101001001001011001011110010011111100100000100110010011011
    7565 | 10110000001000100001001010001001111011100000000101000101101010010100100111001100000001111001000010010110110011001111101011111000
    7478 | 01010111101000111000011010000101000000101111010110110110000100111101001111000100010011101010110010111011110111110100111001111010
    7468 | 10011010100011100101110111100110101001100011100100001011011111111100101100010100011000101011111110011001010110110001011000010111
    7244 | 01011100110010110011110111100110010001111101001010111001011110110010011100010001100010100011101000101110011110101000001100011010
    7222 | 11111001010100111101000001100110101111011010101010101101001001011010001011011111100101100111110111010100001000101011110100101101
    6749 | 11010000100100101000010001000110000000110011011000010101101010110000011000000000110010000000001000111110100011101001001001101011
    6732 | 10101011110000101101001000000110100101111110001010000101101001011010001010010101100101101011110110011010000000101000111100000100
    6723 | 11000000111010000000000010000010010000000000100101000100100111000000000001100001000000000100001011100100110010000100110100011100
    6676 | 10011011111011011000011111100111011011110000001111100011001100110010001011011100011001101011110011010111110010100000111001111001
    6619 | 01010011110001110000011011100010000000111011110100101110011110001100101101011101010011101111110110011000010011110001001001110100
    6456 | 00110001100010000000111010000000011000100001010010010100010000010000011000001011111101001011000000110000000100100100010000010011
    6414 | 11100111100111011001110010000111011000100001010111011010011110010000111101010010010101110011101011110101000100010010011111001000
    6340 | 11011101100100111100100001000111000110110100101000111000101110111001110000011100111000000010010011110001001111100100110001110110
    6325 | 01010011110001110000011011100010000000111011110100101110011110001100101101011101010011101111110110011000011011110001001001110100
    6227 | 11011010000001010001101001101110000000100011100100001110010101001101101100010101111111111001010000100000101100100000011000000010
    6177 | 00010010011000000000110110000000000000010000011011010110101011010010001000001110010010100100111111110000010111011101011001110001
    5960 | 10010011111100001111110010100000000001010100001101000101101110000010101100000001000100001110100011110111101111000000101001111010
    5948 | 01011011110001110000011001100010000000111011100100101110011110001100101101011101010001101111010110011000001011110001001011110110
    5854 | 00010001110000000100110010000111001111101000101110010111000101011001101111000110011011001001100000011000101101110000111000000011
    5756 | 00011110111001110110110111110011100101010110110111001111111011001000101000000000010011100011000001111111100011001000011101010001
    5708 | 10111010000010100011100001111011011111110110010010010011010010011000011110011101011000000111000000100000010001011101011001101000
    5622 | 00111010110100001010111101100001001100110000101110010110100001110000111001010010011001111011001000100010001011100100101001011000
    5555 | 11011010100001110101101011100110000000000000100111001010000101001101101100000100011011010001011011100000100110000000111001000100
    5539 | 10110101010101000001110000000100101100101000010111000011000101010000001010001101010111111100001001001010101101010000100001000001
    5459 | 00001110101101000000011111101000000001011000010110111000010010101011111010001100010000011111111110111001100100001101011000100000
    5441 | 01100010110110100101101111001010110001101000001110111011101100011000001110000100000100100001101010110101000011100001011001100010
    5439 | 00011110101001100110111001100011101100110011011101001011100110001100011001000110011001000010010100010011010101110010111011110101
    5345 | 10011110011101001001111110111010101000000000001100010101101110111011101100010000010000110111010111001101110111111101100101101101
    5189 | 10010101001011101010100101011011001001001001001110011000001110111100100101100001011000100001101001101010011111110010110001010100
    5034 | 10111000111111000000001111100100011001110000000110100010000111110010001001001100010001001011110011010000110010111000111010011000
    5014 | 11001100010100000011010000010111110100110001001010010101000110010000011101000011110010011000111011111000010011011101010001111011
    4979 | 10001100101111001001000000101000010000101000001000101000101011010101010110000100001101001100110110111011010011010011010010010011
    4886 | 10010000010001000001010010101010100110100011111100011110010011001001101010000100000010011001100000010100100100111001011000010101
    4698 | 10110101100000010000110000000010011000100011010010110010110110111001011000001110111000000011110000110000000111100000101001100010
    4525 | 11110001110000011001101101101111000000101000010011000010110011110010001100010100100111111100101010101111110110111000000100101001
    4446 | 11000011101101110010111110100101011000100101001111000111110001100000011110010000100001011001011011010001010101100010001110001010
    4426 | 00111000110000010011110011000101010111100000101100110111000101011010011101110001001001001111100010001000101011110001110000111000
    4251 | 11111001011000101101011000010101100111100010001100010011101010111110101011000110000011011001000000000110001110010000100001110110
    4233 | 11001110110000001110010011000101110111110011010000110011111111111010101110111101110000000001110110000011001010100001101000000001
    4145 | 10011001111101011100010110000111001111000010101010111111000001001001101111010111011010001001100000010101101101110100011011001011
    4128 | 10110010111101000001010101100100001001110000001001010110100010011000101101010000011011001011100010110110011011101101011101111000
    4124 | 00111001110000011000000000000000010010001100101111000111101001110010101111000001101001111001010000100110001110100001100010010100
    4000 | 11011010000000011000110010000010101000111111000000010111001010010001111000000000110010000100101010100001001011011101010001001001
    3985 | 11001110001101011011000000001011111101110100000111111010101101001101111011111011010100110011010000001110101010111100101010001000
    3963 | 00111101100000111101011001110010111110110010111011010011110000111010001011001110100000110100010000000010001110000000110011110001
    3894 | 00011000111100000001110001111001011001111100001011111011001100011100011101010101100011000010000000110100000011001011001101011000
    3793 | 01000100101100111011110101100001111001110000010011111100000111001110000100101011010010110010011000010011110001011111110010110101
    3757 | 01001011100010110000011010010001101111111111100000101010010001001001010100100101001001110001001010101111100100111010100000010110
    3740 | 00010000010110100011000010001001110000111110001100100100100110010110110000000111110101110000110010010011010010010010001111110110
    3727 | 11000101110010101101010100110111011111100100011101101010000001110000000011011101010101111001010010110011011001100100100011101100
    3643 | 01000110111000100000010011110000000000110010110101100101000111001100101101010101010011001011100100111011100011110010101011101010
    3633 | 01101010010010100010101101000001011010111000100000110000000010100000001111010010011011011011011010110010110000010100111101111000
    3603 | 00001100001001000001010100101011100001010010001101111100010001011110111011000101001010111001110001000010100000000001010011110000
    3563 | 01010111101000111000011010000101010000101111010110110110000110111101001111010100010011001010110000111011110111110100111001111010
    3562 | 10110000110000101101111000110011000010100010110110000010111001011110001011110100111001111001000010101000001110000000100000111101
    3531 | 10100110111000010001001101001101001011111010011010011101100111110000101001010010011001001011101010101111011011101001001111111001
    3523 | 01101011101011010110101101101100111110110111010110110010001111101110110100111001110111110100101000111110010110001010101000100100
    3523 | 00101010110101000010111000000000100000111000000101110111101100011001110010000101001010010010110010100101001111100101001111111000
    3488 | 10100000101000100010001100010101100001000100000010011001000010001110001100000010010000001110110010010110101001001011110001101100
    3475 | 01011011110011010000011001100010000000111011100000101110111110001100101101011101010011101111110110011000001011110001001001110000
    3461 | 11010001010011110011110111010010011001100000010100011000011011011001100101001001001111001011110010011111100100000100010010011011
    3453 | 01110011111000011100010001001111101110011101110110010001000010110100101100001010000100010100000000101100000110001010110111000101
    3372 | 00101010110101000010111000000000100000111000010101110111101100011001110010000101001010010010110010100101001111100101001111111000
    3312 | 11011001110010011100010111110100001101010011101110000001001100001100010010111110001110001101111010001010110000000010001101011011
    3152 | 11010010001000100111000000101010011000000001100000010110000100110010011011100001000000011010110010001010110001010001000111100000
    3148 | 11010110001100000100000001110000001101110010111000110010110111101011001010010010001001000110110101001101010011011100000001011100
    3053 | 00110111100100111000010000000111101001010101111011011100000010110110111000111000010001110101100010101110001101110101000101011010
    3027 | 00011000110010100101110000010011110101111010011111010010100110111010000100101110010000110101100001000000001100010100010011110001
    2962 | 11001000110001101101110101101110101100010000111011110011000101011011001000000100000010001111001100011111001001011010111001111000
    2938 | 11011000101101010010001111100001101001100101000001011001010010011100010100110010000000000010000100011111010100110110010101100100
    2905 | 11011010100010001000010011100111011101110010100011010101101101111000001001111100111001001001100011111010101111010000111001010001
    2838 | 11001100111000110011011111001001111011111111011001111010001000000000000100100010111110010111010000111111010101100100000011011110
    2743 | 10101000101000000000000100100101101011000000001011011001000010000010001100000000011100001010110110010000011100001101000001110000
    2722 | 00011110100001010111101101010101110001010010000010110101101011001001111011100011010111000101101011100001101011011111011101101000
    2721 | 01000100001101011001101111001001100010100001011010110100100110110101100001111100010001110011011111011010101101111010101101101000
    2721 | 10110010111101000001010101100100001001110000001001010110100010011000101101010000010011001011100010110110011011101101111101111000
    2693 | 11001100101000000001110011110111011100111101011011010111100111111010011101000100001011001011100011111010000111010110111001111000
    2682 | 10000001000011010000110111110001100101110111011011111001100001110110111101000001011011111111111010111100100010100100000000110100
    2668 | 00110000101100010000010111101110101001110001000101100101001010110010101100111000110000110111000110100100001111101100111111011100
    2667 | 11111000001000110011011111001011110001000000011111011001000110100010001100011010011110001011110100011001100011101101001011011100
    2640 | 00001001100011110110101111001101010001100010000111010011011100111100101011011110010011101000001100100110001001111011010011110110
    2626 | 11110000110101001001000101100110101010100001001000001100100010111010101111010010011010111111101011111011010111101101011001011100
    2618 | 11011010101000101001000001100111000100100011100111001010100100001101101000010101011011010001010000111010111011110010101000100110
    2593 | 10001110010001010011111001100000010111111000001111001110110111111010011000111101011001001010111001111011100101100000011000001010
    2582 | 00010010110110110001110010101011111100110010001011110110110110011000101110010110010010001111110010110101100111111000011001111100
    2540 | 01001011100100100100111000110010010110101101100110100101110011100001101010010100110001000100000010111110001011000011101111000110
    2507 | 11010000111101010010011000100000101001110001010001010000100010011101000100110010000000100011001100011111110000110110010100100100
    2488 | 01000000100100101000100000000110001100111100101000110011010101010111000111011000010000010000110001011001100110000000001010000001
    2481 | 10011010110100101000100011000000011111110001001111000100100111110000001111000101010101001111101110111011010111101111011011111010
    2449 | 11011110011000100000101100111000001001100010100101000011110111111110111101100101010000001001101111100010100100110001001111011111
    2435 | 10010111111000110000100001100111101101100010001111110101101110110001001101010000001010111010110110101110010111111100010001111111
    2399 | 00011110101001100111110011110011000111110010111111001011111011001010101000000000010011100011100001111111000011001010001101010000
    2399 | 00000010000010010000001000000001001100000001000000000000001000000000000010000001000100100001001010100011000001000010000000010010
    2312 | 11010001100000101010111100011110001101111010010010101010000110101000001110011100000011101111101111001010011111011001101101010100
    2307 | 11100011101101001001100001110011011110101001000100000100111011101000101110010101111111011111111110010001111101101101001011111110
    2287 | 11010001010011110011110111010010001001100000010100011000011011011001100101001001001111001011110010011111100100000100110010010011
    2279 | 11010001010011110011110111010010011000100000010100011000011111011001101101001001001111001011110010011111100100000100010010011011
    2273 | 01000110101000100000110001100000010000100010110100100011000101001100101101001101000011000011100100111110100011110110101011111010
    2219 | 01000100010010111100101100111010001111111100111110000011100010010010100101101100010010010100011001111111001001111110000111010110
    2214 | 10110010111101000001010101100100001001110000001001010110100010011000101101010000010001001011100010110110111011101101111101101000
    2208 | 00001001101001101001100100000111111111001000000111011101100001111001100011000001010111001001000011111101110000110100111000000010
    2198 | 11010001110000101100111000010011101001111101100110110000010010011100100111111100110001010001110100110111011100010001000000010010
    2171 | 01011011110001110000011001100010000000111011100100101110011110001100101101011101000001101111010110011000001011110001001011110110
    2171 | 10011111001111101010011010110101101000110010010100101111001110011010001010000100001001000110100100011011010101010001111011010111
    2159 | 00010010100010111001110000101011111100110010001011110110110110010000101110000110010010001111100010111111100111111000011001111000
    2129 | 11000101110010101101010100110111011111100100011101101010000001110000000011011101010101111000010010110011011001100100100011101100
    2114 | 01100111110000010000000000110010110000110100001111101100101111011001000111110010100100001111011001011010010011000111111011001000
    2089 | 11010001010011110011110111010010011001100000010100011000011011011001100101001001001111001011110010011111100100000100110010011011
    2087 | 00000000100100000000000101110000101000000011000000001001000001110010010000011101011001000000110000111010000000100000000000000001
    2085 | 10110010111101000001010101100100001001110000001001010110100010011000101101010000011011001011100010110110011011101101111101111000
    2032 | 01010110111010110000011011110000000000100010110101100101000111001100101101010101010011001011100100111010100011110110101011101010
    2021 | 01011100110111100010100001110000010100010010101110001101111100000011001101010000100000001111100000101001010000101101001001011001
    2017 | 10001100110110101010010010110100100010100010001010010111100101111001001110000000010111001100000001110000101000110000101001000011
    1988 | 10111010101010100101010001111010011000100011110100011111101111110000100111010110011010001011100111010001010110110001111000010101
    1975 | 10111001111001010111011011011100101100111011010011100010000110011100010101110110010001110101100110110100000000001101001100110101
    1974 | 00011011110110010000101001101100001000100100000100010101110011101000011001000111011001010101001010110000100111110000100101110011
    1967 | 00001000101101000011010100011001101001111110001101101110111001001100011011000101011000010101110100010110011000111011110011111101
    1964 | 00010010100000101000010101100110101101100001101000010111000100110011111100010000010111101101100010101110010101111101010110011001
    1951 | 00010010100011001001010001101010101101110001000010000111011010000010011101000000000011011010100000101110111011100100000011100000
    1918 | 00110000110001000001000010110001000010101010000100011110011001011011001100000101010011001101001111011001111101111000101110010000
    1870 | 11000111101100111101101111000000101011101110101010101101000011111010001011011110100001000001010110000101101011101010101011001101
    1857 | 01111000010011001000101100010001101011011110110000001001100011010111101011111100011100111111010100101000001011001110001101000100
    1844 | 00010101000100010000010101100110101001110001000001111101011110110010011100001000001011110101000100001100110101100000100101011111
    1814 | 10100110011001011001111111100100011101110110001000000111100111000011000010100010111000000011010010000000010110111000101000001010
    1813 | 00101100011101010111001011000000101010011101111000010100001010111111111000001000000101100111001100110011101111110110011110011111
    1765 | 00010010110010111000110000101011011100110010001011110110110010011000101110010110011000001111111010111111100111111000011001111001
    1763 | 00110011100100010110110101101101001000111101011010111100100110000100011100010000110011111101110000010111010111001001011101101001
    1754 | 10011000010000000000101001100110000111010010000100100011010111010000101100010100011000011000110001110011001111000000101000010010
    1745 | 10110010101010111001011111101000101111010100000000101110100010010010001000100100110000001011100010101010111111111011011010001100
    1737 | 10001010011101100000110001101100010000110011001010000011011110100000101100001001111011000101101010111000000111100001111001110000
    1735 | 10110010111101000001010101100100001001110000001001010110100010011000101101010000011001001011100010110110111011101101111101101000
    1693 | 11010001000011110011110111010010011001100000010100011000011011011001100101001001001111001011110010011111100100000100110010011011
    1690 | 00011111000000110100010101110011011110101000111110101100011001001000101111111010111000101010100011110011000011000110101011100111
    1675 | 11010001010011110011110111010010001000100000010100011000011011011001100101001001001111001011110010011111100100000100110010010011
    1661 | 00000010111011000011001000001000000010011001010110100001100000100001010100100010111010101000010010000100000100010011010001000000
    1644 | 10011010101100000001100001011000010000101010111111101011100111001110101011010110011111011101000010100000000101011100000001010010
    1643 | 10110010111101000001010101100100001001110000001001011110100010011000101101010000011001001011100010110110111011101101111101101000
    1638 | 01110100101110000111001100110111010001010100001000100000110101001101001100111111100000001100010001100110001101011100010111100101
    1638 | 10100011110101100010011000101011000100010010010000010100001000010010000000010100010010011000110110111010000010010001001111011011
    1622 | 01110100101110000111001100110111010001010100001000000000110101001101001100111111100000001100010001100110001111011100010111100101
    1621 | 00101010110101000010111000000000100000111000000101110111101100011001110010000101001010010010110010100101000111100001001111111000
    1602 | 00111011100101100101010111011110010100110010110100000001111010010100100100010101000011001101011101101000100111111100010010010000
    1596 | 10000000000110000100011001011011111010100010001100000010100000000010111111100001011001011000010110001011111111101000010010110100
    1557 | 11010101110100100101010100001011100100110010111111001011001000110010111101001000111010110010011101100000111100010101110100100101
    1547 | 11110110000001110100000101111000111110100101000001111001011110010110011101011001010111001001100110011100111111001001110011110010
    1547 | 10101011000000101101010000000110100101111000101011010101101101101010000010000101110101001011010110011011001000101000111000000001
    1522 | 00011010110100001000100001101000001001101001011100010111101100011010111000000110011001110011101101010001100111101100111111001000
    1520 | 00001100000000001000010100010011101000010001100000101001101001100111101010101010111000101101010011010000000010100111010001000110
    1518 | 10011000110000010100110001010010010100011001000001011010100000011111101111011011011000110101011001010100010100011000000000100101
    1485 | 01110010111011100000111011101101111010110011011011010110101100111001000001111110011001101101010010110110010001010110111000110001
    1479 | 10011111100100000001011000111100001100100000001100101100101110110000011100001100011000101011001000111001011111110010101001101111
    1477 | 10111011000001011101011001100110101111111010101110101101100011010010111110011111100111001011111110010101001100101011010100110111
    1476 | 00110110011000011001001111111100010001111110001001111100100110010000111000000010001001011011000000100000110011100101100101111110
    1464 | 00111001011011000000000000100001010000100111101111100100100111101000001100111100110001011110110001101001010111110000000010000000
    1464 | 11001010110101111000101100100101011010001001101001111011101010010000110111001000001110101010101110111110111110110010001010110010
    1458 | 00101110011111101000010000100000010011001110101011001100000011100001111100111100010001010110010001000000010000110000000000000100
    1437 | 10110010111101000001010101100100001001110000001001010110100010011000101101010000010001001111100010110110110011101101111101101000
    1436 | 00011100111000110101010000000010101000110010001111010110110001111010101001001100000101110101000000001010011100110100111100110101
    1427 | 10011111101110101011101001101110000000100011100111000000100111011100101111010101111111000001110011100001100111010000111101000010
    1416 | 00011011111000010000011001100110010010000001011110011110100101011101100100001100011011010001110010001000100010110000111001100000
    1416 | 10111000010100000100111111110111001000101010000001010011100100100011011111010111100011101101010000100010111110101000101101100101
    1412 | 10011000000110110001110001010010001110111011001110001101100110110010101010110100010101010001001100000001110010111000000100111000
    1406 | 10001000111110111000110011100011001010110010000001010001110111110000001001010001101110001100000111111110011111110101011111011001
    1404 | 11010001010011110011110111011010011001100000010100011000011011011001100101001001001111001011110010011111100100000100110000010011
    1372 | 11011011100001100010111101101110000100110011110110101010001110101000001100011101010111101111111111001101001011011001101011010110
    1371 | 01110000000101100011110010000010111001000010101101011110100101001001001111010100011010000110010011111110111010000000111011011100
    1367 | 01101111100101001100011000100111011111111000111100011100010110110100011111010100000001101101111101111010111010101100100011111001
    1361 | 01011011110011010000011001100010000000111011100100101110111110001100101101011101010011101111110110011000001011110001001001110000
    1359 | 01000110011100011000010011001110011001100101001010101010000100111010001100101010010001111011000010110010011111001100000110011101
    1353 | 10111000011000001001101101110100110100010111010010010010111000011001111011101010001110101001110011101110000100100010101010001100
    1352 | 11010001010011110011110111011010001001100000010100011000011011011001100101001001001111001011110010011111100100000100110010010011
    1346 | 10110010100110101001110010100011101110110011001111111100100110110000111100000100011000110111101010111111010111101001011001111101
    1333 | 11001111011000110101000011111110001000001101101101101000000011110101101010110000010110100111010110011010101101101001101110001100
    1319 | 00010000100101000001010011100100001101110000100001100110100010001000001101000111001011011011110010101011111111111100010101111010
    1304 | 11001001011010011011010011000011011001101010100001001000101110111010100101101111010010001110011000010010011001001010001111010101
    1300 | 10010010010011100100000011100110011100100110110000100000010100001000001001110110110100000010100000100110101101100110100000001000
    1289 | 00011000111101110001110111100100001001110101001001111111100010010100101001000101111011001011110010100110100111111101001101101000
    1259 | 11010010111000001001111101000101101011110000000111011101111010000001111001000001111011101100011011010110100111111101100010101011
    1239 | 01111011110000100101011000110111111111110010001101010011100101110110000011010100010011111001010011010000011100110000111111110010
    1233 | 10001010110000110001111001101110010000110001100111000100000110110101101101000101101011110100100010101010001111101000111001110010
    1218 | 11100000001110011001100010110011000100111010000100010100100111011000101101000101001101111101100010100101010101111001011001101100
    1217 | 00001011010011000000110000101101000111011101010001001100000100000001011100000101000101111011000110001010011001000010101010100010
    1216 | 11010001000011110011110111010010011001100000010100011000011011011001100101001001001111001011110010011111100100000100010010011011
    1204 | 11111110000100110101011011010001001000110011100100001101101011110010111100010101010010110001101010001001111100110101010010110111
    1199 | 01111010000000001001111011100010010001110111010101001001000110111010101011000100011011001011110110110011000011110100101001101000
    1175 | 10111110000101100011010111101110010101000011100101000011010100010001001100110001001111111111110101110100010101010001111001001000
    1174 | 00101100110001111101110001010011101111001111001001000011111101001000011010111110010101100001111100111011000101000011000011010101
    1164 | 00010010110010110000110000101011011100110010001011110110110010011000101110010110011000001111111010110101100111111000011001110100
    1162 | 00111110100011001110110001100101001001110010100011011011101010101110001100011000011111001011010111100111100111010111111000111110
    1154 | 10001100111011011001110110000101001111000010000010010011000001111001100011011101010110001101100000110101101000000000111100010011
    1151 | 11111001100001100000111000010111110101110110010001100011101111001100000011110100010000110111000011010011100111111110101010011001
    1142 | 00010010110110111001110010101011011100010010001010110011110110010000101100010110001000001111110010110101110111111000011001111100
    1142 | 10111110101001001100110010010011011001110110010010110110111111010111000000110100011011001110100010111101100111110001010000100000
    1142 | 01000110111010110000010011110000001000110010110101101101000111001100101101010101010011001011100100111011100011110010101011101010
    1138 | 11000101110010101101010100110111011111100100011101101010000001110000000011011101010101111001010010110011011001100100100011101000
    1127 | 00110000000000100101001011110001100101110010101101010001000101110010101001101110001001000011000100101011100001100100010000111011
    1103 | 10111011101011010001111100100110110001101010110100001111100001101000100101001101010111000011110110100111010110111000101111110101
    1103 | 00000010101000001000000011110000101001001000001001111001001000000101001101110111100000110000010010100000010010100001011010010000
    1101 | 10011100110110011010100000100010111100111000001000010110011111111000101100001101011011111111110110111111110111111001011011110101
    1099 | 01000110101000100010110001100000010000100011110110100010000100001100101101011101000011000001100100111111100011110110101011111010
    1094 | 01011011100000111010011001001011001000111001011110010110101000111001001101010101010011011010100001001001010100110000101001100010
    1091 | 01001111101100100111010101001010100111101111001011001100010101010110100011111011000100110110001000011111000000010111010000101001
    1091 | 01001001111101101000101001011100100001001001001111101100001011000000101111110100100010011000001000011100001000011111110000111011
    1087 | 10110010111101000001010001100100001001110000001001011110100010011000101101010000011011001111100010110110111011101101111101101000
    1086 | 01111011000101011000000011010111110011110001001101011110101111010000100001001110100011001000101001001000001100110101000000100111
    1084 | 10001111101000001100111000011010001111100100100010101111111111010000010100000001100010111001101100111001001100010000010001000111
    1084 | 00111001110011000100010110010111000101110001111110110111000111011111100101110101001011101000001000011110011100010000111111010011
    1059 | 10001100101111000011110001000111001101100010110001100000101001101000100001010000001001000010000100010111000011001000101101010001
    1041 | 00101111101000010100100111101110011000110011001011010110101010110010111010011111111011000011100111001100010111100111111101110011
    1040 | 01000110111000110000011011110000000000100010110101100100000111001100101101010101010011001011100100111010100011111110101011101010
    1039 | 10110010111101000001010101100100001001110000001001010110100010011000101101010000010001001011100010110110110011101101111101101000
    1034 | 01011110001010110000000101110000101001111000011101110000001111001010111000110000011011100001101010000011101101011100010111111110
    1033 | 00010100001101110000111100101110000110011111110111011010110011010011111100000111111111011001010101000110010110101100010011000000
    1032 | 01101001100000101001111001010010111111111010111001110011110101010100001011011110111010010000010001010000000111100000111010010001
    1028 | 00010101011110101001000111000111000000001000111001000011101100101010101110100101000100101001101110000011010010001110101010110000
    1025 | 11111001100100100000010000000100101001001110010111100111001110110011100011001100111100110111100011110011011011100000101001011001
    1024 | 10110010111101000001010101100100001001110000001001011110100010011000101101010000011001001011100010110110111011101101011101101000
    1015 | 11101111110000111111101001000110100101101100101011110101101001111010001110010101110101101011010110011010000000101001111100100101
    1014 | 00111101100000111101011001010110111111110010101110010011110000111010101011001110100000111101010001000010001100100000110011110001
    1004 | 00111010001110001000110001101010010000101111001110010011011010010010011010001110000011000000101000111110000111001000110001110011
    1001 | 01011010101011011000110010111010011110110010011100010010101101111000001100000111011001001011100111011011001110010001111001110110
    1000 | 01011011101001000000110000100010011110110000111111110000101101101000001100010101010011001011110100011111001011110001101001011011
    1000 | 00100010001010110010100101110110010101000001100011100111101000001000001101011101000001111110101000001111101001010100101101101001
     999 | 11010001000011110011110111010010001001100000010100011000011011011001100101001001001111001011110010011111100100000100110000011011
     994 | 10110010111101000001010101100100001001110000001001010110100010011000101101010000010011001011100010110110011011101101011101111000
     991 | 11011100100001111101100110101001011000100101110100110001001100000000110010011001010101100010011000001101100110101100000000100001
     988 | 01010100110001110000010001101010101010111111011000111100000110010100001001010000010001010111101011101110110010101011111001101000
     985 | 01101000111111110110100100110000111011110010001101110100000000011010111010000110111110011000010010110011101100100000100010100010
     980 | 10011000001000100001010100001100110100100000001001011101001011110110001001010010010000010100100000101010011111101001001001011001
     969 | 01001000000001001110001100000011010001011000000010001000111100001001001000110010001101111001101111110000000100000000000000111000
     948 | 10000101010000001110110101001110001101101100011001110011100111110010000101010101000011001011010000001010001001111010100101001000
     947 | 10010000000010100011010101010111000001011000110000011111010101010100001000110011010110100100011001101110000011000110010011110011
     947 | 00111110111100101010001010111001111101101000111100100101100111110000111100111111001001111101010111000000110011111100000111111100
     946 | 10111011111011011000101001000010011011100100100000111111000101010000010110000001011011010011110010110000010100011111001001001100
     941 | 10101000111101101011010001000010001000110001110111111001011110001010101001010010101110001000100011010011100011001000001101011001
     934 | 00010000010010101000010000110011100011101100011010000010111101010011000001010111010101000110110101011010001011100110110000000011
     933 | 11010001010011110011110111011010001001100000010100011000011011011001100101001001001111001011110010011111100100000100110000010011
     924 | 00101111100110100101001000111001111101110000011000101110110101010101011101110101010001100100000101010001110011110001100001011101
     920 | 10010100100011000101011100101110100110101100001001001100000111011101001001001001010001001111010011101110001110101010110001101101
     918 | 01010010001110000000101010101010100000111101000110100001111010010011100010101101110101001101111011010000110110001100110001101010
     912 | 00000100100111101010100101010001110001110010110110010001000101111010110000000101011001011000110000011010001000001000110101000001
     911 | 00010010100110111001110000101011011100110000001011110111110110010000111100010010001000001111110010111101110111111000011001111100
     908 | 00110001111100000000100101100100001001100010011101111101000110011010101001000101011001001010110011011111010011110001101100111000
     907 | 11001110101010001010010111111111001001100010101010000101101011111110010001101100101011000100110111010010101101010001110001011100
     904 | 00100111101100001110000011001011110010011000101011001001001101010010000010110111011011111100011011101110101100000110001010001010
     904 | 11001111111100011010111000010110010111010100100010101111111111010100010100010101000110111001101100111111001110010110010001000111
     897 | 01000110101000100000110001100000010000100110110110100011000101001100101101011101000001000011100100111010100111110110101011111010
     897 | 10110010111101000001010101100100001001110000001001011110100010011000101101010000011011001111100010110110111011101101111101101000
     897 | 11000101101010101000010000101010001000100010000110001001101110101000001000001000111001011110000010100010010111111111001001111100
     892 | 00111010110010000001110001100101000001110000001111011111101001011000101011010111111001010111000000110111001011100011001001011000
     890 | 10000110110100011001011001100001011011101100101110001100000110011100101110001110011111111000000010001010110001001000000010111110
     889 | 01100110100111000010100000010101100001010001001111100101111110111010010110101011110100011110001000110110001010001101101011100001
     884 | 00010000100101000001010011100100001101110000100001100110100010001000001101000111101011011011110010101011110111111100010101111010
     881 | 11000101111010101101010100110111011111100100011101101010000001110000000011011101010101111001010010110011011001100100100011101100
     872 | 11111100001101011111110111000111000011010101111111000110100111010010011010011000100000111010100000100010110001111010010100111110
     869 | 01101111111000010000111010110100001001110010000100011110001111110000001110000100111001101011110000110010010011110000101101111000
     868 | 01010011110001110000011011100010000000111011110100101110011110001100101101011101010011101111110110011000010011110001001011110110
     864 | 10110010111101000001010101100100001001110000001001011110100010011000101101010000010001001011100010110110111011101101111101101000
     862 | 01111000011011001000101010010001101011011110110000001001100011010111101011111100011100011111010100111000001011001110000101000100
     859 | 10110011111011000001010101011111001001000100010001000110111110111100111000001010100001101101010011010110110110011000001011110010
     853 | 10110011101010000001100010110110110111101001000100000101101010001110100110100100110001011111110010001101011011101101011010011110
     850 | 11011011101000111000101101100011011011110000111000010111101101001010000000010000110001010100001000011011010001100101110111110101
     848 | 00110000110000001000011101100011001101000100111101000011010110110000011100011001100001010111000011011110111101111001010011101000
     844 | 11110010111001110000111001100110101001100001011001111100100010110000101001010000110011000111000010111111010111110101011101011001
     841 | 01110001100001000000011010000111111010010010001100110111110000011001100010111110011110001001100000110010100101110100111111111011
     839 | 11110010111001110000111001100110101001100001011001111100100010110000101001010000110011001111000010111111010111110101011101011001
     834 | 10010011100100000011011101101010010100100000001001100111100101010100010100001100011011001010001110110010110110110001111010110001
     827 | 00001011010000000000110001100110000111000010101110001001000111010000100100011101111001010111110011111011010101110000101010010000
     827 | 01100011011101001011011000011010010001000110010101101010001101110000101001011000011100000001001011111001100111111011110011001000
     825 | 01011010010101110000010101110110001101100101011010000101110110110000011010000110111010010100001010111111011011101000111101101010
     823 | 10010001001101100011110101101111000010011011010011011010110100011010001000110111111111000000110101001011010000101110010010000100
     818 | 01100101100101111010110000001010111001111100111111111111010011000000100011111100010000000100011011010110011001101001101100101111
     817 | 11100000000101110100110000010110101110100110011011101000000111100000101011010111010111000111100101111100010010100011000101000010
     809 | 10011010100011110010011111100000000011101110101100000011010110100001101100101011110010100100111111100110101111011100100101101110
     809 | 01010100001001011001101111001000100010100001001010110100100110110101100000001100010001110011011111011010101101111010001101101000
     809 | 10110010111101000001010101100100001001110000001001011110100010011000101101010000010011001111100010110110111011101101111101101000
     805 | 10111000000110100011000001011000111110100000001010011101110111010001010111111101011001010101000000110000110001010110011001100000
     802 | 10110010111101000001010101100100001001110000001001010110100010011000101101010000010001001011100010110110011011101101111101111000
     799 | 00101100110011101100000001010011101111000111001001000011110101011000011000111110010001100001111110101011000101000011100011010101
     796 | 00001011110000010000011011100100011101110000110010010101100110110010011100010100001000011001000000111111011111010100101111111101
     794 | 00001010110101001000010100000000010001110010001000010101010111010000111001000000011000010111100000100010000111101100011101111001
     792 | 01111010100000101000110001110001001000110011110100000111101101011100001100000100010000001101000100110011001111110000111001011100
     788 | 00110010111100011001010101100010011101110011101011010111101011110000011101000000011111110100101000111110001011111000011011001001
     787 | 11011001100001100010110001101110000100110011110110111010000111101000011100001101010111101111011010001100001111010001101001010110
     786 | 10001000010000010000000011110000111111110010001000111111100110110101100110010101011001010111100000110000100001110100011011111000
     785 | 00010000011010100110110000100100000110111000011110010111111101010010111000011110011101110011000101111011100101101010001000000001
     781 | 11010110110000100000100001010100101001010000000011100100010100100011001000010010000000011001100000111011000000001000111010100100
     779 | 10011000110001100011110011001110000000110010001110000010010111011100101100010111011011011100100010011000001111100001111001110010
     778 | 11000111001110101011001000111000011001100001000011100001010000111000101000110100010011101000110010110010011100000101000111000000
     769 | 00000001001111101111000010110110010000010011000011110010110111111000001001000000011001001011000011110110011011101010111001111111
     766 | 00100010110010100110111101101000000111100110000000010111000111110000101000001100011011111011010010100010010011100101101000011011
     763 | 00110111110110101011110000100111000000110000001001011011001010010000101000000100111011001010000010111010100011111000101001011001
     762 | 10111110110001010011010101010011100000011011101011000011001010001010001001000110011111010011100101000111100101110011001101010101
     759 | 10000000001000000010000000100000100110010000100000001001110100100010010000010000000000001000110011110000100100000000000110000010
     751 | 10010100100010011010010100001100110010100111001000010011011110101110010100010101111000000001000111010000000101011101001010000010
     749 | 00011001110100011001101010010100110100011110010100010100010100001011100011000011011001110011011111000100000100110000001110111011
     736 | 01110010001011101000100010100111111011100100100010010010010010101100000001110001100011111001100000000000110100100100100111011110
     732 | 11111110011101110000010101100100101101111100010001010101010000110000001011000101101110011101010010111110011011010000110110101011
     729 | 11111110111010101001010000110111101101110010010011011110100111011100101000111101101011000111100010000010000111101100101101001001
     729 | 11011111010001011001101001101110000000100111100110001110010001001101101101101101011011111011000000100010101010100010011000100010
     728 | 01010100000010100110110111100010011001101111001010111001011110010001001100011001101010001111001000101110010111101101010101011010
     726 | 11111001101100110101001001110100111111101100101100100010111010111100001111111111110111111100000100010110011110010101110000100110
     725 | 01111001101111111100011010110101011100000110000011001100000110000001101010000111011000001111011100101000110001110101110011010100
     722 | 11110010101100001001110010100111011110111001001101001101101111011000101111010001111001011111010011011101011111100001011001101110
     717 | 10110111000010001011010011001100100011010011001011010101110010110001101001010000000010010100001010001100000011100100010001100010
     715 | 11111010011000110000001000101110100010110110001000001101100100010000101010000110111101110000100001011101011110111000111110111000
     714 | 01000001100101010000001010110100001100101011111100100111110001001011000001111111010011001101000010000111011011011000001010010001
     713 | 11110011001111010010010000000110010010000000000101101011010000001000000010000000011001110101000000100100000000100001010110000011
     702 | 00111010110001000100011001101000001001111101101011000011100111001100011101011000110111000011111001010000001011010111100101111000
     702 | 10110010111101000001010101100100001001110000001001011110100010011000101101010000010001001011100010110110011011101101111101111000
     701 | 11000101110010101101010100110111011111100100011001101010000001110000000011011101010101111001010010110011011001100100100011101100
     701 | 11000100110010100011011110001011111011111111111011111011011010000000011110100011111010010011010000111010010101100100000011011110
     700 | 00011001110000000000011001000100101010010000110010001110100101010101110001000001010001101101000010011001001111100000111001011011
     698 | 00111000000000000010000001001100000010100010111101000100000000000000000001001001000100000000001010000000001010000010110011100001
     697 | 00110111100101001100100111000010000111110100000110011110001010100110000100010101000111111101000011011101000011110111111000111010
     696 | 01010110111010110000011011110000000000100110110101100101000111001000101101010101010011001011100101111010100011110010101011101010
     695 | 10110010111101000001010101100100001001110000001001011110100010011000101101010000010001001011100010110110011011101101111101101000
     683 | 00011010100110000100110111011101010110100000111101011101010001000010001000000111001100000010010111110001011110100010101010110000
     681 | 11001000111101100001111000000111001010111011010000110111001101011001100001010101010111001000000100111100111010100000010010010000
     676 | 10010110000010101101100101101011110111101011000000100001100100010000000000010001101111011011000000110010100100100011110110111110
     676 | 01010011001100010000000100001100111001000100001000101111000010111000001000010000100100111100011001111110010010110101101000101100
     675 | 00111000110011010001101011101111011101110000101111011000000100010010001010000110111000101101100001111001010011011000111001111001
     675 | 11000010110011100011110010100111001010101010101110010110100111011101100111010101010110001100100000011011001001110001001010001011
     674 | 10011001000000000001100000001000010000000100011001111001000010000000010100000001000101101010000110011110010010000011100010000010
     673 | 01001111010010101101110010111111100011000110111101100110110111001111110010001010001100101000001010101100001010111111000100001010
     673 | 01011011100100011000111010101011001000110011100100001010001110110000001000001000010010101110011110001001000111010001101011110001
     673 | 10110010111101000001010101100100001001110000001001011110100010011000101101010000011001001011100010110110011011101101111101111000
     671 | 00011100010110101000010001100001011101110010000111000011100110001000001111010101011111010111000111011111100001111111111001011111
     669 | 11010101110010101101010100110111011111100100011101101010000001110000000011011101010101111001010010110011011001100100100011101100
     669 | 00010010111010110001000011101000011001110000011110101100000010010000101001000100011000001111101011011001010011101100001010111000
     666 | 00010011000110000001111000100101011111100101100110011010110111011010100010000100110110011101100001011010011011001100101011011011
     665 | 10011010110011010001100001101110000000100011100111001110110101001100101101011101111111111111010000100110101111000000011100110010
     663 | 10011011111101011001111011101011101001110100111100000101101110010110111101001100111001000111100010000111000111111101011111001000
     662 | 11011010101100101001011010010110100000010111010001000110001110011110101011000100010010110110100111001111000111000000101001110001
     660 | 11110010111001110000111001100110101001100001011001111100100010110000101001010000110011000111100010111111010111110101011101011001
     657 | 00011010101100010000010011000010001011100000011101100101100011010100101101000101001010100111101110101111001011111001101101111000
     655 | 10011000110011010001100001101110000000100011100101001110010101001100101100000101101111111111010000100010101110000000011000100000
     647 | 11001001000010110000001001011010100010100000101101010101000111011100110100001001011011111011000010110010100100100110010010110100
     647 | 01010111110100110001101101101110100001100001101001110110011100110000111000001110010000111010110010001111000010010000011001001110
     643 | 11010001000011110010110111010010011001100000010100011000011011011001100101001001001111001011110010011111100100000100010010011011
     641 | 01011010101101011000001000000000111011110000011001000110000000011110100101101010010000111011010100011111110101111011000100100100
     636 | 01001110100011000001010010010111011100001010110000010010110001111001101100100101110011111111100000101110011110101000010010000011
     635 | 11010001000011110011110111010010001001100000010100011000011011011001100101001001001111001011110010011111100100000100010000011011
     634 | 01011001101001100000101001110111000000110110000101110001011100111011101011011100010011110000011000101110000011011110110000110111
     634 | 11111111101000110010011111100111110001001100001111011001010110100110000100111010011110001111111100011001101101111101001011111100
     633 | 00000000011011110101110010110001011001111100001011010011101011111010010010100111111001000011100000010001101110010110110010011000
     632 | 00011100010000100001010010010111110101100110011011011111101010011100010100100101111101111001010111100000011111110010000010010110
     629 | 01001010000110110011111011110001010001100010001111010101010010101010101110101000111111001010111101101110000001111010101111100101
     627 | 10110010111101000001010101100100001001110000001001010110100010011000101101010000010111001011100010110110011011101101011101111000
     626 | 00010000110010010011100000100100010001111101001010111001010010100000011100010001100011100010001100111100010010100001101000011010
     626 | 00111110011100101000100100111001111001111000101100010100100111011000111101111011011001111101010110010000110111111000000010010001
     625 | 00010011101100110101110100001000101100000111011001001000100111100000101011110100100110011111001111111000000010000000001101000010
     624 | 10110010001000010001100111010011110101000110000010101100110011110111011010010001110011001110001010000001011011110110110010101010
     624 | 00011001111000000011000000110001001000111001001100000100101010011000110011010010001100000000011101101100000110101001001000011100
     621 | 11010001000011110011110111010010011001100000010100011000011011011000101101001001001111001011110010011111100100000100010010011011
     620 | 01110110001001001000011101000011101101110010010111101111101011010000100011100001111011111011001110001111000011111110011010111000
     613 | 00111110001000000010110001100010000101101100101001000000000011010000111000011000010011001111110001110011101111101101111111111000
     612 | 00100010110101000010111000000000100000111000010101110111101100011001110010000101001010010010110010100101001111100101001111111000
     610 | 01011000001001000000110000100010010010110001110110110000000111011000001100010101010001101011110011001011001111010001111010111011
     607 | 01101101100101100111100110000101001000101001001101111110101101000000001100010011000001010001110010011100000001111111011110010111
     605 | 11010001000011110011110111010010001001100000010100011000011011011001100101001001001111001011110010011111100100000100110000010011
     602 | 11100110111001001001010010101111001011100001010000010100011010110000101001010010110011000111100111011011111011110101011001111001
     602 | 11111111101110101011100101110111010000110000100111110000101000011110101001000110110111001011100011011011111011110000111101011111
     600 | 10011101101110001011100100110110010001110000101110001011101010011110100000100100110001101111100111111111000111110000010011011100
     598 | 00101000110111000001000111100111110101100001101101110010110001001110110101000010000010011100100100100000000001000001001011000111
     598 | 10010011110000010011010011100000110111011010010001000011001001001111100000101000110011100000001001101100100110100000111101001111
     598 | 01000000101110010010101010111010100000100010110000111101011010010001100000101010010111000101011111100101000111101000011011011010
     598 | 10111110101101110001110011110001001001011101010001100101101111001100111101001101011011001001111010001110100010011100010111110000
     594 | 00111000011010010110010101011000110111001001100001001001010011000000100011011001010100011100000001010010100100000000101000101010
     593 | 00010010110110111001110000101011101100110010001010110110110110111000111110010110011000001111100010111101100111111000011101111000
     590 | 11011011011000011001000011101111101000100011110100001100010010010100001101100111000011110011010110010100010010101000110100101000
     590 | 11110010111001110000111001100110101001100001011001111100100010110000101001010000110011001111100010111111010111110101011101011001
     586 | 00110001100011111101100110101100010100011001101100000010000100000010000011001111001001001001111010101101001110010000001010110100
     582 | 11111100010100000101111101001000011001100001010001011010010100001000011100111100001100101000110000100000000000100110001100000110
     578 | 10001000101100101000101000101001010101110010010010111101100011011001001011010001010111001111000010111100011000110100101010111010
     578 | 00101100110001010111010011010011100011001111001011000001001001101000010011101110011100110011010001110111100101100011001001011101
     578 | 11010011100001111000011001111101000111101101000101011010000010000110101111011111011110111010110010001010011011111011010011011110
     573 | 11110010110100110100010001101110100000010101001011010101100110110000111011010000101001000000000010111110100111101101000101000011
     572 | 01110010110010101001000111011101011101100000001001011101101010110110001101010000101001111010101010101101111111101000101001111001
     570 | 00110010110001010001100001010110000100111100000010001010110011011010011111011000111100111010001011111101010110101101011000110001
     568 | 11010001101101100111100111100110000000010000001011111010000110101010001000000010011011001111111011011101010111011011111011011100
     565 | 00111110100000100101000000111001011101010000010000101110110111010000011001110001000000100100000100001001100011110001100000010101
     563 | 11001011111111010011011100011010101110111000101111001011000101000111111011010110010111111000101111110111111000100011000100001101
     561 | 10011011100011100101110001011010001110000100101110000110110110010000001110011110110011111001011101001010010100000010011010010101
     557 | 11010011111101010001011001101000110001011000001101111110100101000000010000111100011101101011011110110010011000100101101010111100
     556 | 01000110101000100010110001100000010000100011110110100011000110001100101101011101000001000001100101111011100111110110101001111010
     555 | 10111010000111100101100101001100001110011100101001111010110110010001000100001000010101110111110110111110101011000000010101011101
     554 | 11010001110000111000010000100011111010001001000010000000111111110000101011100001001101000110001110100101000111000101011010011101
     553 | 10100000100001001110001110001000101011010000100000000000011010000000001100111010100000011101100000011001000000001101100001010010
     551 | 01000010000111001000110000001111001110111110111001010111010101010101101111010000010010011010111001011001100101101001001011100001
     551 | 10011010111100100001101001101110000000100011100111001000100111011100101101010101111011000001010001110000100011100000111101000000
     549 | 10011110100000100000100001101111001100110010111100000100111010111101101111001101001011111111111110111001010111011001000001110000
     549 | 01111000010100100101110100010101011110111010001101101101100110111010110100011111010000100001001010001011001100110100101010011000
     548 | 00101000101010100000101101000101011100011001100101100001011000100000100111010100111111011010001000100110011010111000110011111111
     548 | 00110110101000011011000000000111101101101001101011001100000000010100001101010010010001111110111010000110111011110101001001011110
     546 | 01011000110100100101010100111110111101110010111101110011110101111010101100011101011001111001010000011000011101110100110111110011
     545 | 11010001010011110011110111010010001001100000010100011000011011011001100101001001001111001011110010011111100100000100110000011011
     543 | 01000010100000100001001000011111001101110000111000110010110101001010111001110110000110111010111000011001100000010000111010100011
     541 | 10111100101010101100011101000110000110001110010001101011000110110000001000110010011000011011001110111000111100101101101110110100
     539 | 10100010101000100000000000000001101001000000001010011000000000001000001100000010000100000000110000010001011001011011000011110000
     537 | 10011010000000000000111001001000010111110100100001011110001100101111111110000100011001011000101100110011000010000011000110001011
     536 | 01001010011111010001111011010100000101000100011101001110010000000011001110101100001010011100110010111000011001010011110110011011
     533 | 00101100110001110101110101010011101110001101001001100011010101000000001011110110010101110001111101100011000101110011001100000100
     533 | 00100000000110010001000001011010101111001110000001010001101100101011001100010101010111101011101010110001001110101000000100011000
     533 | 11010001010011110011110111010010011000100000010100011000011011011001100101001001001111001011110010011111100100000100010010011011
     531 | 10110010111101000001010101100100001001110000001001011110100010011000101101010000010001001111100010110110111011101101111101101000
     528 | 00011110100010110011110001110010010001111101001011111001011010101000001001010001100011000011100000101110001010101000101100011010
     527 | 01010100100001011100110011001010010000000011110010000111101011000000101001001000010011111001000010100001010111101101011001111111
     526 | 10110010111101000001010101100100001001110000001001010110100010011000101101010000011001001011100010110110011011101101011101111000
     525 | 10100010110010001001001111111101011101111000100001001101110111101100101000010110010011011010100010100111011011111100011001011101
     524 | 00010000100101000001010011100100001101110000100001100110100010001000001101000111101011011011110010101011111111111100010101111010
     523 | 11110010111001110000111001100110101001100001011001111100100010110000101001010000110011000111000010111111010111110101001101011001
     522 | 11011000110010100000100000001010111101010000011100000110100011111001101011010001000001001100100000110000110111011000011010000010
     521 | 11000111110010101101010100110111011111100100011101101010000001110000000011011101010101111001010010110011011001100100100011101100
     521 | 10011111100100001011011000101111100100101100011010011110001110111000011100101100011001100111101010110011010111100010101001110101
     520 | 00001100001110010000100100010001000000000000001000000000001000001001000000100100000001000110011101000001110000101000000000100000
     518 | 00111100110100100101010000000111101111110110011110010011110000110010101001011100100101110001010010101010011100110100110011110101
     518 | 10100010101100101100010000100111010011001011101011011001101101011010111100111100100001101010011111001011001000101010110000000101
     516 | 00011011110000011000010001100000111000110110011001011100101100011001011110111110011101111100101000101001100100110000010001101010
     512 | 10110010111101000001010101100100001001110000001001011110100010011000101101010000011001001011100010110110011011101101111101101000
     510 | 01010111011011010001001111111000010011110000101100011100000111100000010100011100110011001111010001110000010001011011101000111100
     508 | 00000101000011011011110101101010101011101100110101111000100011010010110100000001111000110111011011111110110111110010010000110100
     507 | 01011010100000111000001000111011010001100010011000010010101000111011001111010100110111011010100001111001000000010000011101110010
     503 | 00001111100010100011110000100101010100010110100110010100000100001011101111010000100111011001000000101111110110111110010010010001
     502 | 10101000001001001000101001001111100001110011010101111110111110010110000010001100010100111010000011001100011101001100011100111110
     500 | 00000010010001010000001011111011101011100011110011110110010110110011000000001010000010010101110001000110110111100000000111011010
     496 | 01110100100010101001010001100010101101110011000011000111011010000010011001100000001011010010101100101110111011100100000011101000
     494 | 10110010111101000001010101100100001001110000001001010110100010011000101101010000010111001011100010110110011011101101111101111000
     492 | 01111010001100101000111010100110001000000011011110100110001010011001001000010010010001111011101011001110000111000100101001100001
     488 | 10010010110111100011111101000100100100100100001011111011010111010000111001010000001011000101111000000010001111011001111111001101
     486 | 10011100110011011000101100000111100011011000100011101001110011110101001000101101011111101110110010110111010100010010110000101111
     485 | 10000010101001001001111100110110110001110000011010010001000010010000001110011100010011011111111010111011110011000101001101111010
     484 | 00101111011111100100010010110001010111001111011011001101110111100001011100111110011001110110110101011000010000111000100000010101
     484 | 10111010101110000011010001110110111100101110101001001111111111011000001001000101011011000001010010001110101111101110001101101111
     484 | 10101010101010100101010101111010011100100011110100011111101111111000100111010110011010001011100111010010010110110001111000011110
     483 | 10011010110000000001101011101100000010000000100110000110000101001100101101000100111011000001010010000000100111000000111001000010
     480 | 11000100110010100100001000111000101000001011100100100011100000100000110111001100010100001001101001101111011101011000010010011011
     480 | 11110000111111010100101001101000011010110011001100111100000001111001110101010011011011001011110110110111010111111001101111001000
(500 rows)

